1748362687853135300	-1.3373665972332012	0.2974087197808489	0.7913978803688306	0.19999996707603884	0.19999964404889728
1748362687853970611	-1.3303737655950922	0.3045571069716583	0.8013978625712589	0.19999996707600998	0.19999964404877843
1748362687855810148	-1.3234527661477036	0.311775063773827	0.8113978447736985	0.1999999670760111	0.1999996440486794
1748362687908013080	-1.3166042909827491	0.3190618684002584	0.821397826976136	0.19999996707606826	0.1999996440487725
1748362688001615957	-1.3098290249396012	0.3264167921791557	0.8313978091785788	0.19999996707611212	0.19999964404880224
1748362688075151004	-1.3031276455368113	0.3338390996268831	0.8413977913810051	0.1999999670760877	0.19999964404869125
1748362688174552788	-1.2965008229043464	0.3413280485215256	0.85139777358344	0.19999996707603496	0.19999964404861403
1748362688291819921	-1.2899492197165878	0.348882889977103	0.8613977557858777	0.19999996707605106	0.1999996440487269
1748362688372536651	-1.2834734911260635	0.35650286851845203	0.8713977379883179	0.19999996707607215	0.19999964404877846
1748362688467421910	-1.2770742846979317	0.36418722215678034	0.8813977201907638	0.19999996707605772	0.1999996440488616
1748362688542538495	-1.2707522403452247	0.3719351824658638	0.8913977023931967	0.1999999670760444	0.19999964404879028
1748362688664115862	-1.2645079902648562	0.37974597465888854	0.901397684595645	0.19999996707607492	0.1999996440488121
1748362688702875723	-1.2583421588744141	0.3876188176659179	0.9113976667980812	0.19999996707605772	0.19999964404884576
1748362688774802119	-1.2522553627496993	0.3955529242120205	0.9213976490005297	0.19999996707603884	0.19999964404884976
1748362688847468343	-1.2462482105630874	0.4035475008959749	0.9313976312029734	0.1999999670760616	0.199999644048923
1748362688954198245	-1.2403213030226528	0.41160174826962026	0.9413976134054108	0.1999999670760505	0.1999996440488121
1748362689049872685	-1.2344752328120991	0.4197148609178006	0.9513975956078633	0.19999996707607048	0.19999964404889928
1748362689145827020	-1.2287105845314983	0.42788602753889543	0.961397577810312	0.19999996707606604	0.1999996440490102
1748362689247751270	-1.2230279346388224	0.4361144310259607	0.9713975600127538	0.19999996707601442	0.1999996440489052
1748362689354665629	-1.2174278513922987	0.44439924854843815	0.9813975422151988	0.1999999670760244	0.19999964404886952
1748362689402083238	-1.2119108947935953	0.4527396516344246	0.991397524417645	0.19999996707603995	0.19999964404890913
1748362689459792591	-1.2064776165318098	0.4611348062535298	1.0013975066200804	0.1999999670760022	0.1999996440488141
1748362689580954319	-1.2011285599283037	0.4695838729002827	1.011397488822516	0.19999996707603718	0.19999964404870912
1748362689687870241	-1.1958642598823794	0.4780860066780606	1.0213974710249472	0.19999996707607326	0.19999964404866355
1748362689764722462	-1.1906852428177823	0.4866403573835947	1.0313974532273822	0.19999996707601497	0.19999964404866158
1748362689878992094	-1.1855920266300566	0.49524606959199274	1.0413974354298172	0.1999999670759861	0.19999964404870116
1748362689947430632	-1.1805851206347628	0.50390228274227	1.05139741763226	0.19999996707602552	0.1999996440487784
1748362690054662961	-1.175665025516548	0.5126081312234031	1.06139739983471	0.19999996707604994	0.19999964404892895
1748362690152984083	-1.1708322332790722	0.5213627444608979	1.0713973820371583	0.1999999670760405	0.19999964404898246
1748362690255977902	-1.1660872271958118	0.5301652470038422	1.0813973642395982	0.19999996707603218	0.19999964404888143
1748362690298872832	-1.1614304817617305	0.5390147586124531	1.0913973464420468	0.1999999670760605	0.1999996440488874
1748362690480578035	-1.1568624626458357	0.5479103943460899	1.1013973286444947	0.19999996707606937	0.1999996440489666
1748362690595351046	-1.1523836266446048	0.5568512646517625	1.1113973108469464	0.19999996707607104	0.19999964404899634
1748362690645356555	-1.1479944216363132	0.5658364754530693	1.1213972930493783	0.19999996707607104	0.19999964404883785
1748362690739491190	-1.14369528653624	0.574865128239619	1.1313972752518218	0.1999999670760566	0.19999964404875464
1748362690797109109	-1.1394866512527835	0.5839363201568687	1.1413972574542601	0.19999996707605439	0.19999964404881804
1748362690869891923	-1.1353689366444661	0.5930491440964157	1.1513972396566965	0.19999996707604273	0.19999964404874476
1748362690919452849	-1.1313425544778513	0.602202688786705	1.1613972218591218	0.19999996707605494	0.19999964404861406
1748362691007052194	-1.1274079073863679	0.6113960388841513	1.1713972040615708	0.19999996707605272	0.1999996440487408
1748362691147622632	-1.1235653888300445	0.6206282750646825	1.181397186264017	0.19999996707607548	0.1999996440489488
1748362691193448717	-1.1198153830561695	0.629898474115654	1.1913971684664537	0.19999996707607437	0.19999964404882595
1748362691263596456	-1.116158265060858	0.6392057090281904	1.2013971506688856	0.1999999670760566	0.19999964404868337
1748362691346168818	-1.1125944005515611	0.6485490490898677	1.2113971328713267	0.1999999670760777	0.19999964404872697
1748362691455099235	-1.109124145910492	0.65792755997779	1.2213971150737628	0.1999999670760652	0.19999964404876955
1748362691504998218	-1.1057478481589869	0.6673403038520225	1.2313970972762007	0.1999999670760444	0.19999964404874276
1748362691590722157	-1.102465844922806	0.6767863394493736	1.2413970794786446	0.19999996707603937	0.19999964404882004
1748362691698044692	-1.0992784643983684	0.6862647221775195	1.2513970616810877	0.1999999670760641	0.19999964404886858
1748362691768044993	-1.096186025319938	0.6957745042094545	1.2613970438835134	0.19999996707605772	0.19999964404868736
1748362691810014290	-1.0931888369277432	0.7053147345782894	1.2713970260859573	0.19999996707604412	0.19999964404869425
1748362691874368566	-1.090287198937059	0.7148844592723327	1.2813970082883854	0.19999996707606632	0.19999964404871806
1748362691970491712	-1.0874814015082344	0.7244827213304933	1.29139699049081	0.1999999670760544	0.19999964404852488
1748362692088632996	-1.084771725217675	0.7341085609379825	1.3013969726932573	0.1999999670760399	0.199999644048719
1748362692191290058	-1.082158441029787	0.7437610155222882	1.311396954895708	0.19999996707605355	0.19999964404898146
1748362692237130288	-1.0796418102698824	0.7534391198494274	1.3213969370981509	0.1999999670760319	0.19999964404893592
1748362692283911665	-1.0772220845980427	0.7631419061204836	1.331396919300592	0.1999999670760358	0.19999964404883885
1748362692448242044	-1.074899505983959	0.7728684040683619	1.3413969015030387	0.19999996707603135	0.19999964404887846
1748362692497207091	-1.0726743066827287	0.7826176410548418	1.3513968837054817	0.19999996707602657	0.19999964404890122
1748362692569759767	-1.0705467092116359	0.7923886421678176	1.3613968659079194	0.19999996707607354	0.19999964404880716
1748362692650876845	-1.0685169263278993	0.8021804303187907	1.3713968481103507	0.19999996707602524	0.19999964404869028
1748362692757299799	-1.0665851610073913	0.8119920263406002	1.3813968303127855	0.19999996707599163	0.19999964404866558
1748362692803624969	-1.0647516064243467	0.8218224490853124	1.3913968125152247	0.19999996707604387	0.19999964404874082
1748362692858206686	-1.0630164459320441	0.8316707155223378	1.4013967947176704	0.19999996707603634	0.1999996440488488
1748362692951965091	-1.0613798530444685	0.8415358408367498	1.4113967769200968	0.1999999670760166	0.19999964404872297
1748362693039321880	-1.0598419914189623	0.8514168385277487	1.4213967591225383	0.19999996707603548	0.1999996440486794
1748362693072197129	-1.0584030148398595	0.8613127205073148	1.4313967413249857	0.1999999670760294	0.19999964404888737
1748362693170840000	-1.0570630672031063	0.8712224971990221	1.4413967235274165	0.1999999670760376	0.1999996440487819
1748362693250773496	-1.0558222825018733	0.8811451776369829	1.4513967057298538	0.1999999670760355	0.1999996440486794
1748362693342146655	-1.054680784813154	0.8910797695649609	1.461396687932298	0.19999996707606285	0.1999996440488126
1748362693375770779	-1.053638688285361	0.9010252795355688	1.4713966701347267	0.19999996707606055	0.1999996440487289
1748362693453930271	-1.0526960971269064	0.9109807130096454	1.4813966523371693	0.19999996707603945	0.1999996440487131
1748362693543480202	-1.051853105595786	0.9209450744556805	1.4913966345396168	0.19999996707607978	0.19999964404890075
1748362693651933515	-1.0511097979901503	0.9309173674493795	1.5013966167420518	0.19999996707608894	0.19999964404882647
1748362693705303433	-1.0504662486398764	0.9408965947732972	1.51139659894449	0.1999999670760358	0.19999964404873585
1748362693783482356	-1.0499225218991326	0.9508817585165774	1.5213965811469292	0.19999996707600465	0.19999964404877518
1748362693833362894	-1.0494786721399474	0.9608718601747165	1.531396563349373	0.19999996707601095	0.19999964404882947
1748362693911762953	-1.0491347437467686	0.9708659007494322	1.5413965455518148	0.19999996707600456	0.19999964404885817
1748362694007573773	-1.048890771112026	0.9808628808485553	1.5513965277542476	0.1999999670760461	0.19999964404874873
1748362694087543609	-1.0487467786326936	0.9908618007859583	1.5613965099566864	0.19999996707604645	0.1999996440487184
1748362694175494938	-1.0487027807078475	1.0008616606815437	1.5713964921591264	0.19999996707602902	0.19999964404879095
1748362694264089218	-1.0487587817372284	1.0108614605612163	1.5813964743615618	0.19999996707607332	0.19999964404875478
1748362694341985161	-1.0489147761207993	1.0208602004568712	1.591396456564	0.19999996707604353	0.19999964404873574
1748362694399159999	-1.049170748259308	1.0308568805064202	1.6013964387664377	0.19999996707602125	0.19999964404875928
1748362694481795378	-1.0495266725558445	1.0408505010537445	1.611396420968876	0.19999996707607065	0.1999996440487613
1748362694565218167	-1.049982513418403	1.050840062748668	1.6213964031713157	0.19999996707602719	0.19999964404878048
1748362694662803170	-1.0505382252634392	1.0608245666469134	1.6313963853737634	0.1999999670760365	0.1999996440488732
1748362694743020360	-1.0511937525204298	1.0708030143099558	1.6413963675762044	0.19999996707607118	0.19999964404888596
1748362694787494758	-1.0519490296374283	1.080774407904903	1.6513963497786384	0.1999999670760831	0.1999996440487464
1748362694965909977	-1.0528039810876206	1.090737750304245	1.6613963319810743	0.19999996707607243	0.19999964404869622
1748362695039795168	-1.0537585213768792	1.1006920451855946	1.6713963141835122	0.1999999670760089	0.19999964404873882
1748362695081468111	-1.0548125550523104	1.1106362971313073	1.681396296385949	0.19999996707603218	0.19999964404874676
1748362695165928813	-1.0559659767118001	1.1205695117280106	1.691396278588394	0.19999996707605763	0.19999964404881782
1748362695301032580	-1.0572186710145541	1.1304906956660572	1.7013962607908357	0.19999996707603734	0.1999996440488681
1748362695382615632	-1.058570512692632	1.140398856838855	1.7113962429932736	0.19999996707603226	0.19999964404879458
1748362695471436382	-1.060021366563474	1.150293004442071	1.7213962251957136	0.1999999670760566	0.19999964404877843
1748362695547641806	-1.061571087543417	1.1601721490727046	1.7313962073981612	0.19999996707602136	0.19999964404887846
1748362695644034120	-1.063219520662208	1.170035302828051	1.7413961896006098	0.1999999670760047	0.19999964404896167
1748362695700916603	-1.0649665010784952	1.1798814794044628	1.7513961718030546	0.19999996707606077	0.19999964404893195
1748362695795820131	-1.0668118540963136	1.1897096941959884	1.7613961540055	0.19999996707606105	0.19999964404890128
1748362695887265233	-1.0687553951825568	1.1995189643928386	1.7713961362079464	0.19999996707603832	0.19999964404891513
1748362695971078953	-1.070796929985427	1.2093083090796581	1.7813961184103753	0.19999996707602263	0.1999996440487522
1748362696076881212	-1.072936254353872	1.2190767493336223	1.791396100612812	0.19999996707600828	0.1999996440486576
1748362696174431663	-1.0751731543579992	1.2288233083223226	1.8013960828152409	0.1999999670759979	0.19999964404865217
1748362696257983292	-1.0775074063104682	1.2385470114014503	1.81139606501768	0.19999996707597317	0.1999996440486789
1748362696342026048	-1.079938776788861	1.2482468862122675	1.8213960472201154	0.19999996707600082	0.19999964404874973
1748362696395716406	-1.0824670226590212	1.2579219627788256	1.831396029422544	0.19999996707604856	0.19999964404864273
1748362696481982776	-1.0850918910993685	1.2675712736049756	1.8413960116249994	0.1999999670760769	0.1999996440488428
1748362696555605951	-1.0878131196261782	1.2771938537711018	1.8513959938274316	0.19999996707603107	0.19999964404887746
1748362696666833257	-1.0906304361198371	1.2867887410306427	1.86139597602987	0.1999999670760047	0.19999964404870413
1748362696742985011	-1.0935435588520446	1.2963549759062776	1.8713959582323196	0.19999996707604023	0.19999964404888243
1748362696803523167	-1.0965521965139937	1.3058916017859	1.8813959404347589	0.19999996707606355	0.19999964404889434
1748362696880209744	-1.099656048245494	1.3153976650182584	1.8913959226371961	0.19999996707606996	0.19999964404876655
1748362696945395166	-1.102854803665065	1.3248722150083367	1.9013959048396414	0.19999996707604578	0.199999644048827
1748362696989883061	-1.106148142900969	1.3343143043124055	1.9113958870420857	0.19999996707605439	0.19999964404889728
1748362697064822530	-1.1095357366231977	1.3437229887327593	1.921395869244527	0.19999996707603662	0.19999964404885767
1748362697161440745	-1.1130172460764105	1.3530973274121534	1.9313958514469627	0.19999996707605663	0.19999964404877052
1748362697270692622	-1.1165923231137995	1.3624363829278603	1.9413958336494002	0.19999996707606577	0.19999964404872794
1748362697343415067	-1.120260610231914	1.3717392213854376	1.9513958158518423	0.1999999670760244	0.19999964404879428
1748362697395226038	-1.124021740606405	1.3810049125121053	1.9613957980542953	0.19999996707603246	0.19999964404895373
1748362697495469071	-1.1278753381287085	1.3902325297497697	1.9713957802567506	0.19999996707605522	0.19999964404908646
1748362697581172251	-1.1318210174436534	1.3994211503476772	1.9813957624591938	0.1999999670760219	0.19999964404898346
1748362697739256803	-1.1358583839880017	1.4085698554546988	1.9913957446616293	0.19999996707598192	0.19999964404878537
1748362697779207522	-1.1399870340299012	1.4176777302112058	2.0013957268640645	0.1999999670759936	0.19999964404870813
1748362697843602809	-1.1442065547092592	1.426743863840557	2.0113957090664982	0.19999996707604994	0.1999996440486913
1748362697954781781	-1.1485165240790218	1.4357673497401628	2.021395691268937	0.1999999670760405	0.19999964404872098
1748362698005523702	-1.1529165111473814	1.4447472855721721	2.0313956734713825	0.19999996707601442	0.19999964404883788
1748362698139420395	-1.157406075920863	1.4536827733536801	2.041395655673824	0.19999996707606216	0.19999964404887347
1748362698170582993	-1.1619847694483274	1.4625729195465311	2.0513956378762543	0.1999999670760516	0.199999644048721
1748362698303496016	-1.1666521338658684	1.4714168351466834	2.0613956200786934	0.19999996707604162	0.19999964404869724
1748362698363853253	-1.1714077024425944	1.4802136357730926	2.071395602281123	0.19999996707605883	0.19999964404869525
1748362698447105708	-1.176250999627303	1.488962441756157	2.0813955844835568	0.19999996707604106	0.19999964404863976
1748362698496465319	-1.181181541096038	1.4976623782256875	2.0913955666859976	0.19999996707604883	0.19999964404873882
1748362698749979197	-1.1861988338005136	1.5063125751983786	2.1013955488884197	0.19999996707606438	0.19999964404862397
1748362698795053245	-1.1913023760174266	1.5149121676648207	2.1113955310908663	0.19999996707604162	0.19999964404869328
1748362698881925119	-1.196491657398627	1.523460295675999	2.1213955132933027	0.19999996707605605	0.1999996440488359
1748362698978147249	-1.2017661590221465	1.5319561044292753	2.131395495495745	0.19999996707607437	0.19999964404878637
1748362699044329776	-1.2071253534440964	1.540398744353879	2.141395477698188	0.1999999670760766	0.1999996440488537
1748362699153650119	-1.2125687047514055	1.5487873711958544	2.151395459900628	0.19999996707604772	0.19999964404883788
1748362699245394070	-1.2180956686154176	1.5571211461024956	2.161395442103074	0.19999996707598694	0.19999964404886067
1748362699308264346	-1.2237056923463243	1.5653992357062299	2.1713954243055036	0.1999999670760322	0.19999964404875067
1748362699362400647	-1.2293982149484182	1.5736208122079332	2.181395406507945	0.19999996707606132	0.19999964404871012
1748362699446386946	-1.2351726671762122	1.5817850534597375	2.191395388710383	0.19999996707603523	0.19999964404879528
1748362699507103267	-1.2410284715913502	1.5898911430472265	2.2013953709128202	0.19999996707605164	0.19999964404875267
1748362699578179119	-1.2469650426203553	1.5979382703710812	2.2113953531152593	0.1999999670760555	0.19999964404875864
1748362699698862485	-1.2529817866131834	1.6059256307281382	2.2213953353177107	0.19999996707604692	0.1999996440489042
1748362699771911920	-1.2590781019025945	1.6138524253918662	2.231395317520144	0.1999999670760877	0.19999964404885373
1748362699845901118	-1.2652533788643034	1.6217178616922174	2.241395299722591	0.199999967076076	0.1999996440488121
1748362699891639840	-1.2715069999779642	1.6295211530949232	2.251395281925039	0.19999996707604856	0.1999996440489577
1748362700064959387	-1.2778383398888975	1.6372615192801172	2.261395264127486	0.19999996707603523	0.19999964404895373
1748362700162306611	-1.284246765470646	1.6449381862203922	2.271395246329935	0.19999996707601414	0.1999996440489656
1748362700260754912	-1.290731635888272	1.652550386258182	2.2813952285323658	0.19999996707603693	0.19999964404879728
1748362700351735203	-1.2972923026624459	1.660097358182536	2.2913952107348052	0.1999999670760438	0.19999964404870116
1748362700433192651	-1.3039281097342936	1.6675783473052377	2.3013951929372474	0.1999999670760666	0.19999964404881804
1748362700483716661	-1.3106383935309993	1.6749926055362714	2.3113951751396833	0.19999996707608575	0.19999964404878143
1748362700579563371	-1.31742248303216	1.6823393914586278	2.321395157342121	0.1999999670760505	0.19999964404874082
1748362700643893237	-1.324279699836898	1.6896179704024574	2.33139513954457	0.19999996707603773	0.19999964404887352
1748362700700763367	-1.3312093582316844	1.6968276145185164	2.3413951217470124	0.19999996707601966	0.19999964404892207
1748362700791491297	-1.338210765258926	1.7039676028509743	2.351395103949449	0.19999996707601525	0.19999964404879925
1748362700866181852	-1.3452832207862442	1.711037221409486	2.3613950861518864	0.1999999670760549	0.1999996440487408
1748362700965327624	-1.3524260175764957	1.7180357632406016	2.3713950683543255	0.19999996707603523	0.1999996440487596
1748362701142820016	-1.3596384413585003	1.7249625284984655	2.3813950505567525	0.19999996707605322	0.1999996440486596
1748362701181578270	-1.366919770898452	1.7318168245147847	2.391395032759192	0.19999996707605544	0.1999996440486715
1748362701279504326	-1.3742692780720582	1.7385979658681117	2.4013950149616354	0.19999996707601553	0.19999964404883785
1748362701361592180	-1.3816862279373439	1.7453052744523754	2.411394997164086	0.1999999670760105	0.19999964404894283
1748362701454724191	-1.3891698788081437	1.7519380795446966	2.421394979366521	0.19999996707603496	0.19999964404885567
1748362701541905006	-1.3967194823282687	1.7584957178724514	2.4313949615689645	0.19999996707604656	0.19999964404878243
1748362701592500704	-1.4043342835463477	1.7649775336796079	2.4413949437714075	0.19999996707605133	0.19999964404886067
1748362701673885829	-1.4120135209913132	1.771382878792293	2.451394925973838	0.19999996707607076	0.19999964404873588
1748362701780117556	-1.4197564267485516	1.777711112683611	2.4613949081762727	0.19999996707604414	0.1999996440486566
1748362701855211878	-1.4275622265366967	1.7839616025377003	2.4713948903787006	0.19999996707600717	0.19999964404862985
1748362701947624097	-1.4354301397850557	1.7901337233130112	2.4813948725811388	0.19999996707601497	0.1999996440486576
1748362701992333502	-1.4433593797116617	1.7962268578048066	2.4913948547835916	0.19999996707606715	0.1999996440489072
1748362702154336945	-1.4513491534019467	1.80224039670688	2.5013948369860297	0.1999999670760666	0.1999996440489092
1748362702197439662	-1.459398661888047	1.8081737386724954	2.5113948191884696	0.19999996707604026	0.19999964404878143
1748362702300456439	-1.4675071002286835	1.81402629037451	2.521394801390906	0.19999996707600678	0.19999964404876605
1748362702370485426	-1.475673657589672	1.8197974665647185	2.5313947835933526	0.19999996707601095	0.19999964404883044
1748362702481448109	-1.4838975173249855	1.8254866901323632	2.5413947657957974	0.1999999670760555	0.1999996440489092
1748362702558579573	-1.49217785705843	1.8310933921618529	2.5513947479982293	0.19999996707604714	0.19999964404875667
1748362702649137481	-1.5005138487658816	1.8366170119896537	2.561394730200662	0.19999996707606574	0.19999964404864276
1748362702704925030	-1.5089046588580821	1.8420569972603515	2.5713947124031007	0.19999996707609627	0.19999964404871606
1748362702790292477	-1.5173494482639986	1.8474128039818867	2.581394694605548	0.19999996707607243	0.1999996440488646
1748362702939386308	-1.525847372514738	1.8526838965799595	2.5913946768079885	0.19999996707605133	0.1999996440488765
1748362702977370368	-1.5343975818279778	1.8578697479515767	2.6013946590104213	0.19999996707604442	0.19999964404872694
1748362703067984725	-1.5429992211929597	1.8629698395177707	2.6113946412128737	0.19999996707605827	0.19999964404885173
1748362703177823772	-1.5516514304559723	1.867983661275448	2.6213946234153087	0.19999996707606435	0.1999996440488775
1748362703240248654	-1.5603533444063828	1.8729107118483979	2.631394605617742	0.19999996707605786	0.1999996440486868
1748362703339559654	-1.5691040928631446	1.8777504985374223	2.6413945878202	0.19999996707607703	0.19999964404891163
1748362703391775295	-1.5779028007618177	1.8825025373696072	2.651394570022633	0.1999999670760752	0.19999964404890222
1748362703480036060	-1.5867485882420733	1.8871663531467189	2.6613945522250595	0.1999999670760336	0.19999964404859125
1748362703574564262	-1.5956405707356895	1.8917414794927307	2.671394534427503	0.19999996707602555	0.19999964404869922
1748362703654755305	-1.6045778590549855	1.8962274589004446	2.6813945166299407	0.19999996707601456	0.19999964404880963
1748362703755478292	-1.6135595594817689	1.9006238427772608	2.691394498832382	0.19999996707605078	0.1999996440487913
1748362703844406098	-1.6225847738566699	1.9049301914900154	2.701394481034815	0.19999996707609963	0.19999964404874376
1748362703963908850	-1.631652599668986	1.9091460744089594	2.7113944632372506	0.19999996707606418	0.19999964404868015
1748362704059451492	-1.6407621301469202	1.913271069950815	2.721394445439688	0.19999996707605788	0.19999964404872644
1748362704141486025	-1.6499124543482588	1.9173047656209339	2.731394427642131	0.19999996707605	0.19999964404880194
1748362704286865545	-1.6591026572514629	1.9212467580545451	2.7413944098445775	0.19999996707603296	0.1999996440488946
1748362704367378556	-1.6683318198471737	1.9250966530570952	2.75139439204701	0.19999996707603088	0.1999996440487911
1748362704473912559	-1.6775990192301078	1.9288540656436626	2.7613943742494453	0.19999996707604958	0.19999964404867668
1748362704567441367	-1.686903328691346	1.9325186200774556	2.7713943564518733	0.1999999670760513	0.1999996440486389
1748362704655053849	-1.6962438178110115	1.936089949907391	2.7813943386543163	0.19999996707606704	0.1999996440487174
1748362704699283314	-1.7056195525512954	1.9395676980047307	2.791394320856769	0.19999996707605913	0.19999964404895945
1748362704854505517	-1.7150295953498769	1.942951516598802	2.8013943030592054	0.19999996707603143	0.1999996440488921
1748362704940457182	-1.7244730052136708	1.9462410673117716	2.811394285261652	0.1999999670760728	0.19999964404883153
1748362704984788503	-1.7339488378129126	1.9494360211924766	2.821394267464088	0.19999996707605636	0.1999996440488269
1748362705081308299	-1.7434561455756183	1.9525360587493312	2.831394249666522	0.19999996707601767	0.1999996440487035
1748362705160786593	-1.752993977782316	1.955540869982266	2.8413942318689607	0.19999996707602122	0.19999964404873044
1748362705256842131	-1.7625613806611322	1.958450154413732	2.8513942140713966	0.19999996707604184	0.19999964404875165
1748362705340591799	-1.7721573974831528	1.9612636211187449	2.861394196273833	0.19999996707604734	0.19999964404872433
1748362705386387664	-1.7817810686581155	1.9639809887539825	2.8713941784762738	0.19999996707608975	0.19999964404877107
1748362705464389521	-1.7914314318303362	1.9666019855859094	2.8813941606787146	0.1999999670760986	0.19999964404881881
1748362705541789842	-1.8011075219749784	1.9691263495179612	2.8913941428811527	0.19999996707601445	0.19999964404878628
1748362705687340045	-1.8108083714945398	1.971553828116747	2.9013941250835837	0.19999996707601955	0.1999996440486889
1748362705778929452	-1.8205330103156028	1.9738841786372943	2.9113941072860205	0.1999999670760471	0.1999996440486775
1748362705885665176	-1.8302804659858471	1.9761171680473204	2.9213940894884645	0.19999996707601148	0.19999964404880483
1748362705951857012	-1.840049763771305	1.9782525730505425	2.9313940716909044	0.19999996707601572	0.1999996440488371
1748362706000041279	-1.8498399267538137	1.9802901801089992	2.9413940538933456	0.19999996707606216	0.19999964404881423
1748362706078378394	-1.8596499759287173	1.9822297854644073	2.9513940360957838	0.199999967076066	0.19999964404879259
1748362706154819823	-1.8694789303027635	1.984071195158538	2.961394018298207	0.19999996707604992	0.19999964404861204
1748362706246796580	-1.8793258069922094	1.9858142250526127	2.9713940005006414	0.19999996707607387	0.19999964404858211
1748362706322894962	-1.8891896213210901	1.9874587008457136	2.981393982703073	0.19999996707607381	0.19999964404866158
1748362706381722188	-1.89906938691971	1.9890044580922186	2.9913939649055052	0.19999996707607762	0.19999964404864004
1748362706491343207	-1.9089641158232498	1.9904513422182397	3.001393947107945	0.19999996707604983	0.19999964404872322
1748362706576068654	-1.9188728185705968	1.9917992085370866	3.01139392931038	0.19999996707603154	0.19999964404874898
1748362706646837458	-1.928794504303256	1.9930479222637294	3.021393911512829	0.1999999670760732	0.1999996440488381
1748362706739560401	-1.938728180864453	1.9941973585282813	3.0313938937152733	0.1999999670760634	0.19999964404892848
1748362706794758025	-1.9486728548983443	1.9952474023884814	3.0413938759177097	0.19999996707603857	0.19999964404881113
1748362706871617270	-1.95862753194936	1.9961979488411938	3.0513938581201523	0.19999996707605283	0.1999996440487918
1748362706977052864	-1.9685912165616257	1.9970489028329033	3.061393840322594	0.19999996707605255	0.19999964404884035
1748362707054274539	-1.9785629123785384	1.9978001792692228	3.071393822525027	0.19999996707607143	0.1999996440487492
1748362707246850411	-1.988541622242366	1.998451703023402	3.081393804727471	0.19999996707607132	0.19999964404877346
1748362707286792435	-1.998526348293994	1.9990034089438402	3.091393786929909	0.19999996707602025	0.19999964404882103
1748362707351079881	-2.0085160920726954	1.9994552418606024	3.1013937691323408	0.19999996707605897	0.19999964404869874
1748362707439600466	-2.0185098546159654	1.9998071565909334	3.1113937513347745	0.19999996707605705	0.19999964404865808
1748362707489868807	-2.02850663655944	2.000059117943779	3.1213937335372126	0.199999967076024	0.1999996440487205
1748362707564296759	-2.038505438236813	2.0002111007233037	3.131393715739655	0.19999996707601994	0.19999964404880616
1748362707762161017	-2.048505259779809	2.0002630897314093	3.1413936979420876	0.19999996707603065	0.19999964404875223
1748362707802700591	-2.0585051012181625	2.000215079769258	-3.131791627035064	0.19999996707602236	0.19999964404867096
1748362707883595861	-2.0685039625796278	2.000067075637788	-3.121791644832622	0.19999996707602125	0.19999964404877002
1748362707976101300	-2.0785008439899566	1.9998190921372379	-3.1117916626301723	0.19999996707604464	0.19999964404892404
1748362708089576786	-2.088494745772898	1.9994711540656611	-3.1017916804277377	0.19999996707603482	0.19999964404884035
1748362708184990876	-2.098484668550158	1.9990232962164523	-3.0917916982253004	0.19999996707602802	0.19999964404871404
1748362708281702294	-2.108469613341342	1.998475563374863	-3.081791716022863	0.19999996707604936	0.1999996440487487
1748362708314857384	-2.1184485816638463	1.9978280103135262	-3.0717917338204193	0.1999999670760802	0.1999996440488131
1748362708391462134	-2.1284205756327017	1.9970807017869776	-3.0617917516179833	0.19999996707607964	0.19999964404879922
1748362708482517218	-2.138384598060373	1.9962337125251814	-3.0517917694155434	0.19999996707606213	0.19999964404876655
1748362708555287128	-2.1483396525564684	1.9952871272260566	-3.0417917872131075	0.19999996707605078	0.1999996440487596
1748362708643674447	-2.158284743627377	1.994241040547007	-3.031791805010664	0.19999996707605577	0.1999996440487893
1748362708747186923	-2.168218876775819	1.9930955570954567	-3.021791822808219	0.19999996707606438	0.19999964404888537
1748362708798351488	-2.1781410586002896	1.9918507914183892	-3.0117918406057864	0.19999996707601858	0.19999964404877946
1748362708904095017	-2.1880502968944158	1.9905068679908902	-3.0017918584033496	0.19999996707602055	0.19999964404869325
1748362708976096388	-2.197945600746146	1.9890639212037056	-2.9917918762009035	0.19999996707604994	0.19999964404882598
1748362709148653547	-2.2078259806368656	1.9875220953497974	-2.9817918939984724	0.19999996707602996	0.1999996440487705
1748362709195162664	-2.217690448540334	1.985881544609918	-2.97179191179604	0.1999999670760058	0.19999964404863482
1748362709271184083	-2.2275380180215008	1.9841424330371888	-2.9617919295936024	0.1999999670760494	0.1999996440487012
1748362709371186436	-2.237367704335122	1.9823049345406998	-2.951791947391147	0.1999999670761099	0.19999964404892895
1748362709550829299	-2.2471785245242524	1.9803692328681164	-2.941791965188712	0.19999996707605436	0.19999964404890522
1748362709639392264	-2.256969497518549	1.978335521587302	-2.9317919829862706	0.19999996707603604	0.19999964404876455
1748362709685290421	-2.2667396442323495	1.9762040040669675	-2.9217920007838343	0.19999996707603773	0.19999964404877446
1748362709781625949	-2.2764879876626076	1.9739748934563286	-2.91179201858139	0.19999996707602388	0.19999964404880816
1748362709852470010	-2.2862135529865726	1.971648412663796	-2.901792036378956	0.19999996707604825	0.1999996440487844
1748362709959734522	-2.2959153676592763	1.9692247943346826	-2.891792054176513	0.1999999670760344	0.19999964404877052
1748362710051412595	-2.305592461510792	1.9667042808279378	-2.881792071974068	0.19999996707603357	0.19999964404888443
1748362710153056348	-2.3152438668432413	1.964087124191916	-2.8717920897716285	0.19999996707603054	0.19999964404884776
1748362710201360017	-2.324868618527572	1.961373586139167	-2.861792107569183	0.19999996707602666	0.1999996440488458
1748362710284915279	-2.3344657541000613	1.9585639380202695	-2.8517921253667495	0.19999996707605355	0.1999996440487814
1748362710383247622	-2.3440343138585606	1.955658460796695	-2.841792143164299	0.1999999670760327	0.19999964404883983
1748362710486039452	-2.3535733409584787	1.952657445012709	-2.831792160961852	0.19999996707601472	0.19999964404898346
1748362710660416619	-2.363081881508453	1.9495611907663195	-2.8217921787594005	0.19999996707606688	0.1999996440489874
1748362710722142726	-2.3725589846657322	1.9463700076792712	-2.811792196556973	0.19999996707609932	0.19999964404879234
1748362710775969443	-2.382003702731272	1.9430842148660772	-2.8017922143545397	0.19999996707608383	0.19999964404861006
1748362710847211324	-2.391415091244495	1.939704140902112	-2.791792232152106	0.19999996707604079	0.1999996440486685
1748362710963552509	-2.4007922090777454	1.9362301237907515	-2.7817922499496763	0.19999996707600637	0.19999964404863285
1748362711050876940	-2.410134118530395	1.932662510929574	-2.771792267747236	0.19999996707602913	0.19999964404869425
1748362711145127056	-2.4194398854226047	1.9290016590756245	-2.7617922855448005	0.19999996707603937	0.19999964404875267
1748362711189232332	-2.428708579188754	1.925247934309733	-2.7517923033423584	0.1999999670760333	0.1999996440487745
1748362711280547167	-2.437939272970488	1.9214017119999138	-2.741792321139921	0.19999996707601944	0.19999964404879228
1748362711390055628	-2.4471310437094114	1.9174633767638207	-2.7317923389374856	0.19999996707603912	0.199999644048722
1748362711460808161	-2.4562829722393764	1.913433322430296	-2.72179235673505	0.1999999670760666	0.19999964404870316
1748362711543720558	-2.4653941433784166	1.909311951999979	-2.711792374532616	0.19999996707607215	0.19999964404869922
1748362711602834211	-2.474463646020256	1.9050996776050106	-2.7017923923301765	0.19999996707611434	0.1999996440487388
1748362711653038833	-2.48349057322541	1.9007969204678237	-2.691792410127749	0.19999996707610712	0.1999996440486695
1748362711749620403	-2.492474022311896	1.8964041108590133	-2.6817924279253025	0.1999999670760605	0.19999964404874082
1748362711848796060	-2.5014130949454896	1.8919216880543164	-2.6717924457228666	0.19999996707605328	0.19999964404882994
1748362711947767466	-2.510306897229558	1.887350100290682	-2.661792463520436	0.1999999670760405	0.1999996440486695
1748362711994699775	-2.5191545397944535	1.8826898047214493	-2.6517924813179836	0.19999996707604162	0.199999644048824
1748362712121749756	-2.527955137886436	1.8779412673706346	-2.6417924991155424	0.19999996707602885	0.19999964404893295
1748362712181819580	-2.536707811456165	1.8731049630863243	-2.6317925169131007	0.19999996707599887	0.1999996440488339
1748362712313501070	-2.5454116852466946	1.8681813754931955	-2.621792534710659	0.19999996707598944	0.19999964404883588
1748362712370934703	-2.5540658888809946	1.863170996944152	-2.611792552508213	0.19999996707597278	0.19999964404887946
1748362712448029233	-2.562669556949002	1.8580743284710861	-2.601792570305778	0.19999996707603607	0.1999996440488121
1748362712548660935	-2.5712218290941324	1.8528918797347889	-2.591792588103331	0.19999996707607381	0.19999964404882004
1748362712655495159	-2.579721850099347	1.8476241689739688	-2.5817926059008807	0.19999996707604495	0.19999964404897058
1748362712706612344	-2.588168769972654	1.842271722953436	-2.571792623698434	0.19999996707606993	0.19999964404896065
1748362712783673520	-2.596561744032112	1.8368350769114279	-2.56179264149599	0.1999999670761049	0.19999964404889928
1748362712863352778	-2.604899932990293	1.8313147745060843	-2.5517926592935396	0.19999996707609435	0.1999996440489369
1748362713070026273	-2.613182503038216	1.8257113677610821	-2.5417926770910957	0.1999999670760394	0.19999964404894285
1748362713145116604	-2.6214086259287304	1.8200254170104293	-2.5317926948886513	0.19999996707600665	0.1999996440488854
1748362713197765859	-2.6295774790593307	1.814257490842439	-2.5217927126862176	0.19999996707600942	0.19999964404878043
1748362713267890988	-2.637688245554421	1.808408166042866	-2.511792730483787	0.1999999670760566	0.19999964404864373
1748362713487530708	-2.6457401143469945	1.8024780275372363	-2.5017927482813507	0.19999996707609324	0.19999964404867146
1748362713563853978	-2.6537322802597476	1.7964676683323484	-2.491792766078914	0.19999996707607992	0.19999964404873488
1748362713652241234	-2.6616639440855936	1.7903776894569747	-2.4817927838764855	0.1999999670760555	0.1999996440486477
1748362713700209924	-2.669534312667585	1.7842086999017592	-2.4717928016740474	0.19999996707604772	0.19999964404865958
1748362713844210303	-2.677342598978219	1.7779613165583237	-2.4617928194716123	0.1999999670760194	0.19999964404872891
1748362713943680352	-2.685088022198157	1.7716361641575675	-2.451792837269173	0.19999996707601275	0.19999964404873685
1748362714044803244	-2.692769807794288	1.7652338752072096	-2.4417928550667365	0.1999999670760788	0.19999964404875467
1748362714088349778	-2.700387187597183	1.7587550899285347	-2.431792872864297	0.19999996707608103	0.1999996440487626
1748362714263515367	-2.707939399877926	1.7522004561923614	-2.4217928906618567	0.19999996707607048	0.19999964404880025
1748362714359469899	-2.7154256894242668	1.7455706294542703	-2.4117929084594265	0.1999999670760838	0.19999964404870513
1748362714443250057	-2.722845307616154	1.7388662726890514	-2.4017929262569857	0.19999996707605217	0.19999964404870713
1748362714541754344	-2.7301975125005926	1.7320880563244074	-2.391792944054551	0.19999996707602108	0.1999996440487547
1748362714655767610	-2.73748156886584	1.7252366581739125	-2.3817929618521125	0.19999996707601775	0.19999964404873485
1748362714751530130	-2.7446967483149214	1.7183127633692346	-2.371792979649676	0.1999999670760133	0.19999964404875073
1748362714839088724	-2.751842329338476	1.7113170642916158	-2.361792997447232	0.19999996707604661	0.19999964404880616
1748362714880211617	-2.758917597386893	1.7042502605026504	-2.3517930152447883	0.19999996707604162	0.19999964404887152
1748362715063953580	-2.765921844941787	1.697113058674308	-2.341793033042349	0.19999996707601553	0.19999964404882203
1748362715138819845	-2.7728543715867304	1.6899061725182856	-2.3317930508399174	0.19999996707603773	0.19999964404871112
1748362715265273052	-2.7797144840773025	1.6826303227146289	-2.321793068637473	0.19999996707600998	0.19999964404876258
1748362715341928518	-2.7865014964104162	1.6752862368396622	-2.3117930864350344	0.19999996707600498	0.19999964404882795
1748362715451112085	-2.7932147298929086	1.6678746492932395	-2.3017931042325803	0.19999996707603995	0.19999964404892503
1748362715519559081	-2.799853513209414	1.6603963012253022	-2.2917931220301457	0.19999996707604606	0.19999964404888737
1748362715584083842	-2.806417182489497	1.6528519404617625	-2.2817931398277054	0.1999999670760555	0.19999964404875864
1748362715678309686	-2.812905081374035	1.6452423214297256	-2.271793157625278	0.19999996707604606	0.1999996440486814
1748362715760277405	-2.819316561080856	1.637568205082043	-2.2617931754228406	0.19999996707605106	0.1999996440486477
1748362715813397620	-2.825650980469616	1.6298303588212222	-2.251793193220397	0.19999996707609713	0.1999996440488161
1748362715881285989	-2.831907706105904	1.6220295564226923	-2.2417932110179493	0.19999996707606382	0.1999996440489191
1748362715987043877	-2.8380861123246035	1.614166577957409	-2.231793228815519	0.19999996707604883	0.1999996440487824
1748362716102969532	-2.844185581292436	1.6062422097138729	-2.2217932466130845	0.19999996707605272	0.19999964404864176
1748362716198530930	-2.85020550306976	1.5982572441194831	-2.211793264410659	0.1999999670760083	0.19999964404859422
1748362716354446286	-2.856145275671561	1.5902124796612969	-2.2017932822082233	0.19999996707605328	0.1999996440486081
1748362716444197462	-2.8620043051276385	1.5821087208061981	-2.1917933000057737	0.19999996707610046	0.1999996440488517
1748362716559430680	-2.867782005542015	1.5739467779204355	-2.1817933178033364	0.1999999670760655	0.19999964404886558
1748362716645207483	-2.8734777991515204	1.5657274671885901	-2.171793335600902	0.19999996707603662	0.19999964404871504
1748362716750182441	-2.87909111638357	1.557451610531957	-2.1617933533984566	0.19999996707604994	0.19999964404879428
1748362716855502233	-2.884621395913114	1.5491200355263632	-2.1517933711960184	0.19999996707605328	0.19999964404882994
1748362716951653367	-2.8900680847187763	1.5407335753193991	-2.141793388993576	0.19999996707604772	0.19999964404881806
1748362716998905476	-2.8954306381381554	1.5322930685471121	-2.1317934067911333	0.19999996707604384	0.19999964404886358
1748362717142295656	-2.9007085199222877	1.5237993592501382	-2.121793424588697	0.1999999670760566	0.19999964404878637
1748362717239890518	-2.905901202289269	1.5152532967893115	-2.111793442386257	0.1999999670760444	0.1999996440487507
1748362717341071411	-2.9110081659770404	1.5066557357607098	-2.1017934601838224	0.19999996707602996	0.19999964404873882
1748362717384416520	-2.916028900295305	1.4980075359102143	-2.0917934779813763	0.19999996707604106	0.19999964404881013
1748362717475000015	-2.9209629031766027	1.489309562047523	-2.0817934957789364	0.19999996707603718	0.19999964404887155
1748362717571784321	-2.925809681226515	1.480562683959675	-2.07179351357649	0.19999996707608048	0.19999964404887552
1748362717677132276	-2.930568749772999	1.471767776324082	-2.0617935313740574	0.19999996707609213	0.1999996440488022
1748362717749453979	-2.9352396329148607	1.4629257186210436	-2.0517935491716184	0.19999996707608658	0.19999964404872692
1748362717847164664	-2.939821863569339	1.4540373950458196	-2.04179356696919	0.19999996707607381	0.19999964404867746
1748362717966605914	-2.94431498351882	1.4451036944201943	-2.0317935847667385	0.19999996707603607	0.19999964404879628
1748362718022345881	-2.948718543456652	1.4361255101036046	-2.02179360256431	0.19999996707603662	0.19999964404879428
1748362718078029139	-2.953032103032077	1.4271037399038073	-2.0117936203618694	0.1999999670760222	0.1999996440486873
1748362718188172681	-2.9572552308942703	1.418039285987088	-2.001793638159432	0.1999999670760233	0.19999964404876264
1748362718282598445	-2.9613875047354647	1.408933054788065	-1.9917936559569966	0.19999996707602996	0.19999964404872297
1748362718374666714	-2.965428511333193	1.3997859569190236	-1.9817936737545558	0.1999999670760122	0.19999964404877052
1748362718459754337	-2.969377846591601	1.3905989070788722	-1.9717936915521213	0.19999996707602996	0.19999964404875464
1748362718515633040	-2.9732351155818595	1.381372823961668	-1.961793709349677	0.19999996707606438	0.1999996440487903
1748362718582218418	-2.976999932581655	1.372108630164756	-1.9517937271472379	0.19999996707605106	0.19999964404883783
1748362718744243227	-2.9806719211137684	1.3628072520964911	-1.9417937449447917	0.19999996707605772	0.19999964404886167
1748362718843327195	-2.9842507139837093	1.353469619883626	-1.9317937627423571	0.1999999670760344	0.1999996440488022
1748362718906652716	-2.98773595331645	1.3440966672782722	-1.9217937805399181	0.19999996707598555	0.19999964404872297
1748362718963378265	-2.991127290592202	1.3346893315645418	-1.9117937983374773	0.19999996707601553	0.19999964404879036
1748362719061072901	-2.99442438668127	1.325248553464819	-1.90179381613504	0.19999996707605328	0.19999964404878243
1748362719108590296	-2.9976269118779673	1.3157752770456868	-1.891793833932601	0.19999996707607104	0.19999964404876652
1748362719196072123	-3.0007345459335806	1.3062704496235245	-1.881793851730163	0.1999999670760566	0.19999964404878637
1748362719302941402	-3.003746978088402	1.2967350216697668	-1.8717938695277256	0.1999999670760333	0.19999964404877452
1748362719364207764	-3.0066639071027974	1.2871699467158724	-1.8617938873252928	0.19999996707599776	0.19999964404871112
1748362719452052199	-3.0094850412873355	1.277576181257958	-1.8517939051228627	0.19999996707596113	0.19999964404863585
1748362719496801270	-3.0122100985319538	1.2679546846611578	-1.8417939229204228	0.19999996707597778	0.19999964404870318
1748362719564024581	-3.014838806334167	1.258306419063689	-1.8317939407179793	0.19999996707601664	0.1999996440488339
1748362719754258921	-3.0173709018263235	1.2486323492806348	-1.8217939585155412	0.19999996707607104	0.19999964404881407
1748362719803591482	-3.0198061318018823	1.2389334427074772	-1.8117939763131021	0.19999996707605772	0.19999964404876652
1748362719873467373	-3.0221442527407434	1.2292106692233342	-1.8017939941106516	0.19999996707599776	0.1999996440488854
1748362719962106513	-3.0243850308335936	1.21946500109399	-1.7917940119082045	0.19999996707601664	0.19999964404897658
1748362720044700266	-3.0265282420052895	1.2096974128746631	-1.7817940297057566	0.1999999670760777	0.1999996440489488
1748362720152436161	-3.028573671937261	1.1999088813125665	-1.7717940475033203	0.1999999670760999	0.19999964404883785
1748362720257337367	-3.030521116088948	1.1901003852492138	-1.7617940653008795	0.1999999670760666	0.19999964404876652
1748362720349744120	-3.032370379718252	1.1802729055225443	-1.7517940830984395	0.1999999670760555	0.19999964404879028
1748362720447375624	-3.034121277901009	1.1704274248688464	-1.7417941008960014	0.19999996707604106	0.19999964404876258
1748362720494427167	-3.0357736355494827	1.1605649278244752	-1.7317941186935606	0.19999996707602774	0.19999964404879428
1748362720564162798	-3.0373272874298745	1.1506864006274022	-1.7217941364911242	0.19999996707605217	0.19999964404878637
1748362720647401711	-3.038782078178843	1.1407928311186024	-1.7117941542886763	0.19999996707605772	0.1999996440488458
1748362720759417094	-3.040137862319043	1.1308852086432601	-1.70179417208624	0.19999996707604106	0.19999964404884182
1748362720854862449	-3.041394504273674	1.1209645239518395	-1.6917941898837947	0.19999996707603884	0.19999964404881806
1748362720945084604	-3.0425518783800345	1.1110317691010139	-1.68179420768137	0.1999999670760133	0.19999964404870316
1748362720997648916	-3.043609868902091	1.1010879373544502	-1.6717942254789335	0.1999999670760022	0.19999964404860016
1748362721055381606	-3.0445683700420494	1.091134023083499	-1.661794243276499	0.19999996707604106	0.19999964404869922
1748362721143546163	-3.0454272859509346	1.081171021667747	-1.6517942610740537	0.1999999670760999	0.19999964404880619
1748362721266592125	-3.046186530738178	1.0711999293954948	-1.6417942788716156	0.19999996707608547	0.19999964404884182
1748362721350620976	-3.046846028480203	1.0612217433641067	-1.631794296669165	0.19999996707602996	0.19999964404888143
1748362721443667477	-3.047405713228021	1.0512374613803168	-1.6217943144667153	0.19999996707605883	0.19999964404900028
1748362721486618470	-3.047865529013822	1.041248081860453	-1.6117943322642727	0.19999996707606105	0.19999964404891313
1748362721553288583	-3.0482254298565743	1.0312546037305852	-1.6017943500618355	0.1999999670760455	0.1999996440487784
1748362721640923007	-3.0484853797666216	1.021258026326646	-1.591794367859391	0.19999996707602774	0.19999964404881013
1748362721691793924	-3.0486453527492823	1.0112593492944821	-1.5817943856569503	0.19999996707600665	0.1999996440488537
1748362721773026455	-3.0487053328074483	1.001259572489902	-1.5717944034545175	0.19999996707605883	0.19999964404873094
1748362721870798198	-3.048665313943185	0.9912596958787019	-1.5617944212520802	0.19999996707605883	0.19999964404868337
1748362721961287613	-3.0485253001583317	0.9812607194366499	-1.5517944390496483	0.19999996707599998	0.1999996440486873
1748362722044276043	-3.0482853054541	0.9712636430494921	-1.541794456847204	0.19999996707600887	0.19999964404876655
1748362722113701251	-3.0479453538296752	0.9612694664129787	-1.5317944746447658	0.1999999670760677	0.19999964404882598
1748362722179463886	-3.047505479279815	0.9512791889328918	-1.5217944924423366	0.19999996707608214	0.19999964404867937
1748362722349988648	-3.0469657257914515	0.941293809625096	-1.5117945102398958	0.1999999670760666	0.19999964404870316
1748362722450507851	-3.046326147339292	0.931314327015647	-1.501794528037454	0.19999996707607548	0.19999964404882994
1748362722503616010	-3.04558680788042	0.9213417390409394	-1.4917945458350115	0.19999996707605439	0.19999964404884185
1748362722560362817	-3.0447477813479025	0.9113770429479068	-1.4817945636325707	0.19999996707604994	0.199999644048826
1748362722677700064	-3.0438091516433956	0.9014212351943112	-1.4717945814301405	0.19999996707606438	0.1999996440487111
1748362722842127943	-3.042771012628753	0.8914753113490858	-1.4617945992277024	0.19999996707605439	0.1999996440486834
1748362722881224430	-3.041633468116642	0.8815402659927857	-1.451794617025258	0.19999996707606216	0.1999996440488141
1748362722969382086	-3.04039663186016	0.8716170926181342	-1.4417946348228146	0.19999996707606327	0.1999996440488735
1748362723054789616	-3.039060627541462	0.8617067835306639	-1.4317946526203746	0.19999996707607326	0.19999964404883785
1748362723164214038	-3.037625588759392	0.8518103297495047	-1.4217946704179365	0.19999996707604217	0.1999996440487903
1748362723263766505	-3.0360916590161207	0.8419287209082551	-1.411794688215502	0.19999996707601664	0.19999964404872297
1748362723342782200	-3.0344589917027975	0.8320629451560506	-1.4017947060130647	0.19999996707605883	0.19999964404869916
1748362723381010235	-3.032727750084214	0.8222139890587359	-1.3917947238106185	0.19999996707606105	0.19999964404881804
1748362723552680653	-3.0308981072824714	0.8123828375002066	-1.3817947416081822	0.1999999670760455	0.19999964404881013
1748362723640134638	-3.028970246259675	0.8025704735839276	-1.3717947594057573	0.19999996707603218	0.19999964404860415
1748362723687909149	-3.0269443597996326	0.7927778785346161	-1.3617947772033228	0.19999996707606105	0.19999964404859621
1748362723755612541	-3.024820650488582	0.7830060316001355	-1.3517947950008793	0.19999996707608103	0.1999996440487784
1748362723868011316	-3.022599330694929	0.773255909953554	-1.3417948127984314	0.1999999670760899	0.1999996440489052
1748362723942147003	-3.020280622548012	0.7635284885954478	-1.331794830596003	0.19999996707608436	0.19999964404876652
1748362724039204292	-3.017864757915886	0.7538247402563795	-1.3217948483935658	0.19999996707604217	0.19999964404866352
1748362724143222623	-3.015351978382142	0.7441456352996407	-1.3117948661911303	0.19999996707605217	0.199999644048723
1748362724213449199	-3.0127425352217454	0.7344921416242198	-1.3017948839886841	0.19999996707605439	0.19999964404881013
1748362724271379256	-3.010036689375909	0.7248652245680038	-1.2917949017862496	0.1999999670760344	0.19999964404881806
1748362724373296962	-3.0072347114259985	0.7152658468112442	-1.2817949195838167	0.19999996707603884	0.19999964404867543
1748362724453363898	-3.004336881566477	0.7056949682803041	-1.2717949373813662	0.19999996707605106	0.199999644048822
1748362724510418005	-3.001343489576885	0.6961535460516575	-1.2617949551789271	0.19999996707601997	0.19999964404890125
1748362724572532397	-2.9982548347928604	0.6866425342561732	-1.2517949729764872	0.1999999670760133	0.19999964404879825
1748362724661154875	-2.995071226076209	0.6771628839837253	-1.2417949907740464	0.1999999670760022	0.19999964404880616
1748362724748247696	-2.9917929817840156	0.6677155431880618	-1.2317950085716118	0.1999999670759911	0.19999964404875073
1748362724808508461	-2.9884204297368107	0.6583014565920285	-1.2217950263691746	0.1999999670760333	0.19999964404872692
1748362724877003764	-2.9849539071857887	0.6489215655930916	-1.2117950441667356	0.19999996707602774	0.19999964404877846
1748362724946055968	-2.9813937607790835	0.6395768081691974	-1.2017950619643	0.19999996707597	0.19999964404876258
1748362724994279566	-2.977740346527098	0.6302681187849674	-1.19179507976187	0.19999996707596224	0.19999964404866355
1748362725083197790	-2.9739940297669136	0.6209964282982695	-1.1817950975594167	0.19999996707603107	0.19999964404882997
1748362725191150030	-2.9701551851257517	0.6117626638671301	-1.1717951153569777	0.1999999670760677	0.19999964404892107
1748362725269285552	-2.9662241964835117	0.6025677488570113	-1.1617951331545386	0.19999996707604661	0.1999996440487745
1748362725318779740	-2.962201456934382	0.5934126027484787	-1.1517951509521076	0.1999999670760244	0.19999964404869525
1748362725465558481	-2.958087368747532	0.5842981410452506	-1.1417951687496632	0.19999996707606105	0.19999964404875467
1748362725540030244	-2.9538823433268897	0.5752252751826624	-1.1317951865472304	0.19999996707609102	0.19999964404877446
1748362725570283690	-2.9495868011699975	0.5661949124365112	-1.1217952043448074	0.19999996707605328	0.19999964404856055
1748362725648851066	-2.94520117182596	0.5572079558323296	-1.1117952221423746	0.1999999670760355	0.19999964404856055
1748362725749101500	-2.940725893852498	0.5482653040550934	-1.1017952399399444	0.19999996707599998	0.19999964404862394
1748362725841753712	-2.936161414772082	0.5393678513593348	-1.0917952577374939	0.1999999670760333	0.1999996440487903
1748362725884752906	-2.931508191027195	0.530516487479751	-1.081795275535046	0.19999996707609102	0.19999964404896461
1748362725981747050	-2.9267666879346788	0.521712097542204	-1.0717952933325883	0.19999996707605106	0.19999964404904386
1748362726086052485	-2.9219373796392007	0.512955561975213	-1.0617953111301457	0.1999999670760455	0.1999996440490003
1748362726168314056	-2.9170207490658497	0.5042477564219234	-1.0517953289277155	0.1999999670760355	0.199999644048719
1748362726251352735	-2.9120172878718336	0.49558955165253166	-1.041795346725288	0.1999999670760333	0.19999964404856846
1748362726344438223	-2.906927496397323	0.4869818134772198	-1.0317953645228517	0.1999999670760555	0.1999996440486477
1748362726451365551	-2.901751883615411	0.47842540265956807	-1.0217953823204136	0.19999996707602885	0.19999964404874276
1748362726514128303	-2.896490967081222	0.46992117483048146	-1.0117954001179843	0.1999999670760233	0.19999964404866752
1748362726571462697	-2.8911452728801508	0.4614699804026288	-1.0017954179155355	0.19999996707605106	0.1999996440487903
1748362726669839091	-2.8857153355752594	0.4530726644854011	-0.9917954357130991	0.19999996707608325	0.1999996440488656
1748362726774869902	-2.8802016981538214	0.44473006680040494	-0.9817954535106521	0.19999996707610546	0.19999964404884976
1748362726862515077	-2.8746049119730235	0.43644302159748743	-0.971795471308222	0.19999996707609102	0.19999964404877446
1748362726914620632	-2.8689255367048245	0.42821235757131126	-0.9617954891057723	0.19999996707610324	0.19999964404879428
1748362726967684221	-2.863164140280002	0.4200388977784966	-0.9517955069033368	0.1999999670760777	0.1999996440488537
1748362727145229865	-2.857321298831344	0.4119234595552972	-0.9417955247008996	0.1999999670760333	0.19999964404872694
1748362727185424238	-2.8513975966360467	0.40386685443588694	-0.9317955424984614	0.19999996707601664	0.19999964404875467
1748362727277442570	-2.845393626057282	0.3958698880711906	-0.9217955602960224	0.1999999670760222	0.19999964404876655
1748362727355546743	-2.839309987484971	0.38793336014833957	-0.9117955780935798	0.1999999670760222	0.19999964404879825
1748362727491808534	-2.8331472892757334	0.38005806431068373	-0.9017955958911337	0.19999996707601886	0.1999996440488735
1748362727586058876	-2.8269061476920627	0.3722447880784434	-0.8917956136887	0.19999996707603995	0.19999964404879825
1748362727671330751	-2.82058718684069	0.3644943127699438	-0.8817956314862547	0.1999999670760877	0.19999964404878634
1748362727765258867	-2.8141910386101907	0.356807413423505	-0.8717956492838104	0.19999996707611545	0.19999964404887746
1748362727868694839	-2.8077183426077834	0.34918485871992194	-0.8617956670813758	0.19999996707604661	0.1999996440487745
1748362727915615537	-2.801169746095367	0.34162741090559595	-0.851795684878943	0.19999996707600443	0.1999996440486715
1748362728046126473	-2.7945459039248024	0.33413582571631767	-0.8417957026765057	0.19999996707602663	0.1999996440486873
1748362728086718571	-2.787847478472432	0.3267108523016997	-0.8317957204740676	0.19999996707604883	0.19999964404873483
1748362728188691530	-2.781075139572834	0.319353233150253	-0.8217957382716303	0.19999996707605328	0.19999964404875073
1748362728263856667	-2.7742295644518427	0.3120637040151397	-0.8117957560691949	0.19999996707607215	0.19999964404871504
1748362728339377588	-2.767311437658833	0.30484299384060976	-0.801795773866754	0.19999996707606882	0.19999964404875864
1748362728443998448	-2.760321450998254	0.2976918246890894	-0.791795791664315	0.19999996707604661	0.19999964404880616
1748362728565893860	-2.7532603034604577	0.29061091166898856	-0.7817958094618893	0.19999996707606327	0.1999996440486517
1748362728668719977	-2.7461287011518043	0.2836009628631917	-0.7717958272594583	0.19999996707604772	0.19999964404858034
1748362728763053877	-2.738927357224036	0.2766626792582356	-0.7617958450570201	0.19999996707606105	0.19999964404869125
1748362728850759437	-2.7316569918029883	0.26979675467423697	-0.7517958628545784	0.19999996707606882	0.19999964404879028
1748362728952117449	-2.724318331916551	0.2630038756954831	-0.741795880652143	0.19999996707607215	0.19999964404877843
1748362728998276160	-2.716912111421991	0.25628472160179694	-0.7317958984497057	0.19999996707609213	0.19999964404873885
1748362729096460923	-2.709439070932544	0.24963996430059385	-0.721795916247264	0.19999996707607992	0.1999996440487824
1748362729172678939	-2.7018999577433807	0.2430702682597093	-0.7117959340448268	0.19999996707601775	0.19999964404878237
1748362729283507470	-2.694295525756845	0.23657629044092537	-0.7017959518423833	0.19999996707597556	0.19999964404880619
1748362729364739818	-2.6866265354070946	0.2301586802343042	-0.6917959696399452	0.1999999670760011	0.19999964404881013
1748362729459876431	-2.6788937535840436	0.2238180793932329	-0.6817959874375177	0.19999996707601553	0.19999964404866355
1748362729544641248	-2.6710979535566755	0.21755512197025356	-0.671796005235068	0.19999996707604772	0.19999964404877052
1748362729667128681	-2.6632399148957253	0.21137043425366323	-0.6617960230326414	0.1999999670760455	0.19999964404874676
1748362729740178333	-2.6553204233957137	0.20526463470487788	-0.6517960408302059	0.19999996707602108	0.19999964404861204
1748362729789123851	-2.6473402709963687	0.1992383338965882	-0.641796058627774	0.19999996707605439	0.19999964404868337
1748362729893734137	-2.639300255703443	0.19329213445171023	-0.6317960764253332	0.19999996707608325	0.19999964404873882
1748362730045402466	-2.631201181508905	0.18742663098311826	-0.6217960942228977	0.19999996707604772	0.19999964404877052
1748362730096038797	-2.6230438583105413	0.1816424100341826	-0.6117961120204578	0.19999996707600554	0.19999964404876258
1748362730170918812	-2.6148291018309697	0.17594005002011803	-0.6017961298180206	0.1999999670759922	0.19999964404877846
1748362730261341628	-2.6065577335360652	0.170320121170143	-0.5917961476155815	0.19999996707601442	0.1999996440487626
